
255 255 61 5 3 30 254 1 157
255 255 62 5 3 30 0 2 153
255 255 63 5 3 30 0 2 152
255 255 61 5 3 30 0 2 154
255 255 62 5 3 30 0 2 153
255 255 63 5 3 30 0 2 152
255 255 61 5 3 30 254 1 157
255 255 62 5 3 30 0 2 153
255 255 63 5 3 30 0 2 152
255 255 61 5 3 30 251 1 160
255 255 62 5 3 30 0 2 153
255 255 63 5 3 30 0 2 152
255 255 61 5 3 30 247 1 164
255 255 62 5 3 30 0 2 153
255 255 63 5 3 30 0 2 152
255 255 61 5 3 30 241 1 170
255 255 62 5 3 30 0 2 153
255 255 63 5 3 30 0 2 152
255 255 61 5 3 30 235 1 176
255 255 62 5 3 30 0 2 153
255 255 63 5 3 30 0 2 152
255 255 61 5 3 30 229 1 182
255 255 62 5 3 30 0 2 153
255 255 63 5 3 30 0 2 152
255 255 61 5 3 30 223 1 188
255 255 62 5 3 30 0 2 153
255 255 63 5 3 30 0 2 152
255 255 61 5 3 30 216 1 195
255 255 62 5 3 30 0 2 153
255 255 63 5 3 30 0 2 152
255 255 61 5 3 30 211 1 200
255 255 62 5 3 30 0 2 153
255 255 63 5 3 30 0 2 152
255 255 61 5 3 30 206 1 205
255 255 62 5 3 30 0 2 153
255 255 63 5 3 30 0 2 152
255 255 61 5 3 30 200 1 211
255 255 62 5 3 30 0 2 153
255 255 63 5 3 30 0 2 152
255 255 61 5 3 30 197 1 214
255 255 62 5 3 30 0 2 153
255 255 63 5 3 30 0 2 152
255 255 61 5 3 30 195 1 216
255 255 62 5 3 30 0 2 153
255 255 63 5 3 30 0 2 152
255 255 61 5 3 30 194 1 217
255 255 62 5 3 30 0 2 153
255 255 63 5 3 30 0 2 152
255 255 61 5 3 30 194 1 217
255 255 62 5 3 30 22 2 131
255 255 63 5 3 30 233 1 176
255 255 61 5 3 30 194 1 217
255 255 62 5 3 30 40 2 113
255 255 63 5 3 30 215 1 194
255 255 61 5 3 30 194 1 217
255 255 62 5 3 30 22 2 131
255 255 63 5 3 30 233 1 176
255 255 61 5 3 30 194 1 217
255 255 62 5 3 30 0 2 153
255 255 63 5 3 30 0 2 152
255 255 61 5 3 30 194 1 217
255 255 62 5 3 30 233 1 177
255 255 63 5 3 30 22 2 130
255 255 61 5 3 30 194 1 217
255 255 62 5 3 30 215 1 195
255 255 63 5 3 30 40 2 112
255 255 61 5 3 30 222 1 189
255 255 62 5 3 30 214 1 196
255 255 63 5 3 30 41 2 111
255 255 61 5 3 30 24 2 130
255 255 62 5 3 30 214 1 196
255 255 63 5 3 30 41 2 111
255 255 61 5 3 30 61 2 93
255 255 62 5 3 30 214 1 196
255 255 63 5 3 30 41 2 111
255 255 61 5 3 30 61 2 93
255 255 62 5 3 30 229 1 181
255 255 63 5 3 30 26 2 126
255 255 61 5 3 30 61 2 93
255 255 62 5 3 30 252 1 158
255 255 63 5 3 30 3 2 149
255 255 61 5 3 30 61 2 93
255 255 62 5 3 30 19 2 134
255 255 63 5 3 30 236 1 173
255 255 61 5 3 30 61 2 93
255 255 62 5 3 30 39 2 114
255 255 63 5 3 30 216 1 193
255 255 61 5 3 30 40 2 114
255 255 62 5 3 30 41 2 112
255 255 63 5 3 30 214 1 195
255 255 61 5 3 30 239 1 172
255 255 62 5 3 30 41 2 112
255 255 63 5 3 30 214 1 195
255 255 61 5 3 30 196 1 215
255 255 62 5 3 30 41 2 112
255 255 63 5 3 30 214 1 195
255 255 61 5 3 30 194 1 217
255 255 62 5 3 30 29 2 124
255 255 63 5 3 30 226 1 183
255 255 61 5 3 30 194 1 217
255 255 62 5 3 30 6 2 147
255 255 63 5 3 30 249 1 160
255 255 61 5 3 30 194 1 217
255 255 62 5 3 30 239 1 171
255 255 63 5 3 30 16 2 136
255 255 61 5 3 30 194 1 217
255 255 62 5 3 30 219 1 191
255 255 63 5 3 30 36 2 116
255 255 61 5 3 30 209 1 202
255 255 62 5 3 30 214 1 196
255 255 63 5 3 30 41 2 111
255 255 61 5 3 30 7 2 147
255 255 62 5 3 30 214 1 196
255 255 63 5 3 30 41 2 111
255 255 61 5 3 30 56 2 98
255 255 62 5 3 30 214 1 196
255 255 63 5 3 30 41 2 111
255 255 61 5 3 30 61 2 93
255 255 62 5 3 30 224 1 186
255 255 63 5 3 30 31 2 121
255 255 61 5 3 30 61 2 93
255 255 62 5 3 30 247 1 163
255 255 63 5 3 30 8 2 144
255 255 61 5 3 30 61 2 93
255 255 62 5 3 30 13 2 140
255 255 63 5 3 30 242 1 167
255 255 61 5 3 30 61 2 93
255 255 62 5 3 30 34 2 119
255 255 63 5 3 30 221 1 188
255 255 61 5 3 30 53 2 101
255 255 62 5 3 30 41 2 112
255 255 63 5 3 30 214 1 195
255 255 61 5 3 30 0 2 154
255 255 62 5 3 30 41 2 112
255 255 63 5 3 30 214 1 195
255 255 61 5 3 30 203 1 208
255 255 62 5 3 30 41 2 112
255 255 63 5 3 30 214 1 195
255 255 61 5 3 30 194 1 217
255 255 62 5 3 30 34 2 119
255 255 63 5 3 30 221 1 188
255 255 61 5 3 30 194 1 217
255 255 62 5 3 30 13 2 140
255 255 63 5 3 30 242 1 167
255 255 61 5 3 30 194 1 217
255 255 62 5 3 30 0 2 153
255 255 63 5 3 30 0 2 152
255 255 61 5 3 30 196 1 215
255 255 62 5 3 30 0 2 153
255 255 63 5 3 30 0 2 152
255 255 61 5 3 30 199 1 212
255 255 62 5 3 30 0 2 153
255 255 63 5 3 30 0 2 152
255 255 61 5 3 30 203 1 208
255 255 62 5 3 30 0 2 153
255 255 63 5 3 30 0 2 152
255 255 61 5 3 30 209 1 202
255 255 62 5 3 30 0 2 153
255 255 63 5 3 30 0 2 152
255 255 61 5 3 30 215 1 196
255 255 62 5 3 30 0 2 153
255 255 63 5 3 30 0 2 152
255 255 61 5 3 30 221 1 190
255 255 62 5 3 30 0 2 153
255 255 63 5 3 30 0 2 152
255 255 61 5 3 30 227 1 184
255 255 62 5 3 30 0 2 153
255 255 63 5 3 30 0 2 152
255 255 61 5 3 30 234 1 177
255 255 62 5 3 30 0 2 153
255 255 63 5 3 30 0 2 152
255 255 61 5 3 30 239 1 172
255 255 62 5 3 30 0 2 153
255 255 63 5 3 30 0 2 152
255 255 61 5 3 30 245 1 166
255 255 62 5 3 30 0 2 153
255 255 63 5 3 30 0 2 152
255 255 61 5 3 30 250 1 161
255 255 62 5 3 30 0 2 153
255 255 63 5 3 30 0 2 152
255 255 61 5 3 30 253 1 158
255 255 62 5 3 30 0 2 153
255 255 63 5 3 30 0 2 152
255 255 61 5 3 30 0 2 154
255 255 62 5 3 30 0 2 153
255 255 63 5 3 30 0 2 152
255 255 61 5 3 30 0 2 154
255 255 62 5 3 30 0 2 153
